# ****************************************************************************
# CUI
#
# The Advanced Framework for Simulation, Integration, and Modeling (AFSIM)
#
# The use, dissemination or disclosure of data in this file is subject to
# limitation or restriction. See accompanying README and LICENSE for details.
# ****************************************************************************
#Ground target launch data for RED_MRBM_1
#Generated on Thu Jan 14 13:24:41 2010
#loft_angle burn_time ground_range time_of_flight
88.3500 91.0000 264174.25 340.8211
88.3500 91.0200 264506.22 340.9626
88.3500 91.0400 264838.55 341.1042
88.3500 91.0600 265164.00 341.2458
88.3500 91.0800 265497.02 341.3875
88.3500 91.1000 265830.41 341.5293
88.3500 91.1200 266164.14 341.6711
88.3500 91.1400 266498.23 341.8130
88.3500 91.1600 266832.67 341.9550
88.3500 91.1800 267160.30 342.0968
88.3500 91.2000 267495.45 342.2389
88.3500 91.2200 267830.96 342.3811
88.3500 91.2400 268166.83 342.5233
88.3500 91.2600 268503.05 342.6656
88.3500 91.2800 268839.63 342.8080
88.3500 91.3000 269176.57 342.9504
88.3500 91.3200 269506.60 343.0929
88.3500 91.3400 269844.25 343.2354
88.3500 91.3600 270182.25 343.3781
88.3500 91.3800 270520.62 343.5207
88.3500 91.4000 270859.34 343.6635
88.3500 91.4200 271198.42 343.8063
88.3500 91.4400 271530.59 343.9492
88.3500 91.4600 271870.39 344.0922
88.3500 91.4800 272210.55 344.2352
88.3500 91.5000 272551.07 344.3783
88.3500 91.5200 272891.95 344.5214
88.3500 91.5400 273233.20 344.6646
88.3500 91.5600 273574.80 344.8079
88.3500 91.5800 273916.77 344.9513
88.3500 91.6000 274253.11 345.0948
88.3500 91.6200 274596.73 345.2384
88.3500 91.6400 274940.42 345.3820
88.3500 91.6600 275284.34 345.5257
88.3500 91.6800 275628.55 345.6694
88.3500 91.7000 275973.08 345.8132
88.3500 91.7200 276317.92 345.9570
88.3500 91.7400 276663.11 346.1010
88.3500 91.7600 277001.31 346.2449
88.3500 91.7800 277347.17 346.3890
88.3500 91.8000 277693.38 346.5331
88.3500 91.8200 278039.95 346.6773
88.3500 91.8400 278386.86 346.8215
88.3500 91.8600 278734.14 346.9659
88.3500 91.8800 279081.78 347.1102
88.3500 91.9000 279429.78 347.2547
88.3500 91.9200 279770.80 347.3992
88.3500 91.9400 280119.52 347.5438
88.3500 91.9600 280468.61 347.6885
88.3500 91.9800 280818.06 347.8332
88.3500 92.0000 281167.88 347.9780
88.3500 92.0200 281518.07 348.1229
88.3500 92.0400 281868.63 348.2678
88.3500 92.0600 282219.56 348.4128
88.3500 92.0800 282570.85 348.5579
88.3500 92.1000 282922.52 348.7030
88.3500 92.1200 283267.19 348.8483
88.3500 92.1400 283619.60 348.9935
88.3500 92.1600 283972.38 349.1389
88.3500 92.1800 284325.53 349.2843
88.3500 92.2000 284679.06 349.4298
88.3500 92.2200 285032.96 349.5754
88.3500 92.2400 285387.23 349.7210
88.3500 92.2600 285741.89 349.8667
88.3500 92.2800 286096.91 350.0125
88.3500 92.3000 286452.31 350.1583
88.3500 92.3200 286808.09 350.3043
88.3500 92.3400 287164.25 350.4502
88.3500 92.3600 287513.39 350.5963
88.3500 92.3800 287870.30 350.7424
88.3500 92.4000 288227.59 350.8886
88.3500 92.4200 288585.25 351.0349
88.3500 92.4400 288943.30 351.1812
88.3500 92.4600 289301.73 351.3276
88.3500 92.4800 289660.54 351.4741
88.3500 92.5000 290019.73 351.6207
88.3500 92.5200 290379.30 351.7673
88.3500 92.5400 290739.26 351.9140
88.3500 92.5600 291099.59 352.0608
88.3500 92.5800 291460.31 352.2076
88.3500 92.6000 291821.41 352.3545
88.3500 92.6200 292182.90 352.5015
88.3500 92.6400 292537.33 352.6485
88.3500 92.6600 292899.59 352.7957
88.3500 92.6800 293262.22 352.9428
88.3500 92.7000 293625.25 353.0901
88.3500 92.7200 293988.66 353.2374
88.3500 92.7400 294352.45 353.3849
88.3500 92.7600 294716.63 353.5323
88.3500 92.7800 295081.20 353.6799
88.3500 92.8000 295446.16 353.8275
88.3500 92.8200 295811.51 353.9752
88.3500 92.8400 296177.24 354.1230
88.3500 92.8600 296543.37 354.2708
88.3500 92.8800 296909.88 354.4187
88.3500 92.9000 297276.79 354.5667
88.3500 92.9200 297644.09 354.7148
88.3500 92.9400 298011.79 354.8629
88.3500 92.9600 298379.89 355.0111
88.3500 92.9800 298748.38 355.1594
88.3500 93.0000 299117.26 355.3078
88.3500 93.0200 299486.54 355.4562
88.3500 93.0400 299856.15 355.6049
88.3500 93.0600 300226.22 355.7535
88.3500 93.0800 300596.70 355.9022
88.3500 93.1000 300967.57 356.0509
88.3500 93.1200 301331.34 356.1997
88.3500 93.1400 301703.01 356.3486
88.3500 93.1600 302075.07 356.4975
88.3500 93.1800 302447.54 356.6466
88.3500 93.2000 302820.41 356.7957
88.3500 93.2200 303193.67 356.9449
88.3500 93.2400 303567.34 357.0941
88.3500 93.2600 303941.42 357.2434
88.3500 93.2800 304315.89 357.3928
88.3500 93.3000 304690.76 357.5423
88.3500 93.3200 305066.04 357.6919
88.3500 93.3400 305441.73 357.8415
88.3500 93.3600 305817.81 357.9912
88.3500 93.3800 306194.31 358.1410
88.3500 93.4000 306571.20 358.2909
88.3500 93.4200 306948.50 358.4408
88.3500 93.4400 307326.21 358.5908
88.3500 93.4600 307704.32 358.7409
88.3500 93.4800 308082.85 358.8911
88.3500 93.5000 308461.77 359.0413
88.3500 93.5200 308841.11 359.1916
88.3500 93.5400 309220.85 359.3420
88.3500 93.5600 309601.01 359.4925
88.3500 93.5800 309981.57 359.6430
88.3500 93.6000 310362.54 359.7936
88.3500 93.6200 310743.92 359.9443
88.3500 93.6400 311125.71 360.0951
88.3500 93.6600 311507.91 360.2459
88.3500 93.6800 311890.52 360.3969
88.3500 93.7000 312273.55 360.5479
88.3500 93.7200 312656.99 360.6989
88.3500 93.7400 313048.41 360.8501
88.3500 93.7600 313432.68 361.0013
88.3500 93.7800 313817.36 361.1526
88.3500 93.8000 314202.45 361.3040
88.3500 93.8200 314587.96 361.4555
88.3500 93.8400 314973.88 361.6070
88.3500 93.8600 315360.22 361.7587
88.3500 93.8800 315746.98 361.9103
88.3500 93.9000 316134.15 362.0621
88.3500 93.9200 316521.75 362.2140
88.3500 93.9400 316909.76 362.3659
88.3500 93.9600 317298.20 362.5179
88.3500 93.9800 317687.06 362.6700
88.3500 94.0000 318076.34 362.8222
88.3500 94.0200 318466.05 362.9744
88.3500 94.0400 318856.18 363.1268
88.3500 94.0600 319246.73 363.2792
88.3500 94.0800 319637.70 363.4317
88.3500 94.1000 320029.11 363.5842
88.3500 94.1200 320420.93 363.7369
88.3500 94.1400 320813.18 363.8896
88.3500 94.1600 321205.86 364.0424
88.3500 94.1800 321598.97 364.1953
88.3500 94.2000 321992.50 364.3483
88.3500 94.2200 322394.09 364.5013
88.3500 94.2400 322788.48 364.6545
88.3500 94.2600 323183.30 364.8077
88.3500 94.2800 323578.55 364.9610
88.3500 94.3000 323974.23 365.1143
88.3500 94.3200 324370.33 365.2678
88.3500 94.3400 324766.87 365.4213
88.3500 94.3600 325163.84 365.5749
88.3500 94.3800 325561.24 365.7286
88.3500 94.4000 325959.08 365.8824
88.3500 94.4200 326357.34 366.0363
88.3500 94.4400 326756.04 366.1902
88.3500 94.4600 327155.17 366.3442
88.3500 94.4800 327554.74 366.4983
88.3500 94.5000 327962.41 366.6525
88.3500 94.5200 328362.85 366.8068
88.3500 94.5400 328763.72 366.9611
88.3500 94.5600 329165.03 367.1155
88.3500 94.5800 329566.78 367.2701
88.3500 94.6000 329968.96 367.4246
88.3500 94.6200 330371.58 367.5793
88.3500 94.6400 330774.64 367.7341
88.3500 94.6600 331178.14 367.8889
88.3500 94.6800 331582.08 368.0438
88.3500 94.7000 331986.45 368.1988
88.3500 94.7200 332398.97 368.3539
88.3500 94.7400 332804.23 368.5091
88.3500 94.7600 333209.93 368.6643
88.3500 94.7800 333616.07 368.8197
88.3500 94.8000 334022.65 368.9751
88.3500 94.8200 334429.68 369.1306
88.3500 94.8400 334837.15 369.2861
88.3500 94.8600 335245.06 369.4418
88.3500 94.8800 335653.42 369.5976
88.3500 94.9000 336069.95 369.7534
88.3500 94.9200 336479.21 369.9093
88.3500 94.9400 336888.92 370.0653
88.3500 94.9600 337299.08 370.2214
88.3500 94.9800 337709.69 370.3776
88.3500 95.0000 338120.75 370.5338
88.3500 95.0200 338532.26 370.6902
88.3500 95.0400 338944.22 370.8466
88.3500 95.0600 339364.38 371.0031
88.3500 95.0800 339777.25 371.1597
88.3500 95.1000 340190.57 371.3164
88.3500 95.1200 340604.35 371.4731
88.3500 95.1400 341018.58 371.6300
88.3500 95.1600 341433.26 371.7869
88.3500 95.1800 341848.41 371.9439
88.3500 95.2000 342271.76 372.1011
88.3500 95.2200 342687.82 372.2583
88.3500 95.2400 343104.33 372.4155
88.3500 95.2600 343521.30 372.5729
88.3500 95.2800 343938.74 372.7304
88.3500 95.3000 344356.62 372.8879
88.3500 95.3200 344774.97 373.0455
88.3500 95.3400 345201.55 373.2032
88.3500 95.3600 345620.82 373.3610
88.3500 95.3800 346040.55 373.5189
88.3500 95.4000 346460.75 373.6769
88.3500 95.4200 346881.40 373.8350
88.3500 95.4400 347302.52 373.9931
88.3500 95.4600 347731.89 374.1513
88.3500 95.4800 348153.93 374.3097
88.3500 95.5000 348576.45 374.4681
88.3500 95.5200 348999.42 374.6266
88.3500 95.5400 349422.86 374.7852
88.3500 95.5600 349846.77 374.9438
88.3500 95.5800 350278.94 375.1026
88.3500 95.6000 350703.79 375.2614
88.3500 95.6200 351129.10 375.4204
88.3500 95.6400 351554.87 375.5794
88.3500 95.6600 351981.12 375.7385
88.3500 95.6800 352407.83 375.8977
88.3500 95.7000 352842.84 376.0570
88.3500 95.7200 353270.50 376.2164
88.3500 95.7400 353698.62 376.3758
88.3500 95.7600 354127.22 376.5354
88.3500 95.7800 354556.29 376.6950
88.3500 95.8000 354993.67 376.8547
88.3500 95.8200 355423.69 377.0146
88.3500 95.8400 355854.19 377.1745
88.3500 95.8600 356285.16 377.3345
88.3500 95.8800 356716.62 377.4946
88.3500 95.9000 357156.39 377.6547
88.3500 95.9200 357588.81 377.8150
88.3500 95.9400 358021.70 377.9754
88.3500 95.9600 358455.07 378.1358
88.3500 95.9800 358888.93 378.2964
88.3500 96.0000 359331.12 378.4570
88.3500 96.0200 359765.94 378.6177
88.3500 96.0400 360201.24 378.7786
88.3500 96.0600 360637.03 378.9395
88.3500 96.0800 361081.16 379.1005
88.3500 96.1000 361517.92 379.2616
88.3500 96.1200 361955.17 379.4227
88.3500 96.1400 362392.90 379.5840
88.3500 96.1600 362831.11 379.7454
88.3500 96.1800 363277.69 379.9068
88.3500 96.2000 363716.88 380.0684
88.3500 96.2200 364156.56 380.2300
88.3500 96.2400 364596.73 380.3918
88.3500 96.2600 365045.27 380.5536
88.3500 96.2800 365486.42 380.7155
88.3500 96.3000 365928.07 380.8775
88.3500 96.3200 366370.20 381.0396
88.3500 96.3400 366820.72 381.2018
88.3500 96.3600 367263.84 381.3641
88.3500 96.3800 367707.45 381.5265
88.3500 96.4000 368151.55 381.6890
88.3500 96.4200 368604.05 381.8516
88.3500 96.4400 369049.15 382.0142
88.3500 96.4600 369494.74 382.1770
88.3500 96.4800 369940.83 382.3398
88.3500 96.5000 370395.33 382.5028
88.3500 96.5200 370842.41 382.6658
88.3500 96.5400 371289.99 382.8289
88.3500 96.5600 371738.07 382.9922
88.3500 96.5800 372194.58 383.1555
88.3500 96.6000 372643.66 383.3189
88.3500 96.6200 373093.24 383.4824
88.3500 96.6400 373543.32 383.6460
88.3500 96.6600 374001.84 383.8097
88.3500 96.6800 374452.93 383.9735
88.3500 96.7000 374904.52 384.1374
88.3500 96.7200 375364.55 384.3014
88.3500 96.7400 375817.15 384.4655
88.3500 96.7600 376270.27 384.6296
88.3500 96.7800 376723.88 384.7939
88.3500 96.8000 377185.96 384.9583
88.3500 96.8200 377640.60 385.1227
88.3500 96.8400 378095.74 385.2873
88.3500 96.8600 378559.35 385.4519
88.3500 96.8800 379015.53 385.6167
88.3500 96.9000 379472.21 385.7816
88.3500 96.9200 379929.41 385.9465
88.3500 96.9400 380395.09 386.1115
88.3500 96.9600 380853.32 386.2767
88.3500 96.9800 381312.06 386.4419
88.3500 97.0000 381779.29 386.6073
88.3500 97.0200 382239.07 386.7727
88.3500 97.0400 382699.36 386.9382
88.3500 97.0600 383168.15 387.1039
88.3500 97.0800 383629.48 387.2696
88.3500 97.1000 384091.33 387.4354
88.3500 97.1200 384561.69 387.6014
88.3500 97.1400 385024.58 387.7674
88.3500 97.1600 385487.99 387.9335
88.3500 97.1800 385951.93 388.0997
88.3500 97.2000 386424.38 388.2661
88.3500 97.2200 386889.36 388.4325
88.3500 97.2400 387354.86 388.5990
88.3500 97.2600 387828.90 388.7656
88.3500 97.2800 388295.45 388.9323
88.3500 97.3000 388762.53 389.0991
88.3500 97.3200 389238.15 389.2661
88.3500 97.3400 389706.29 389.4331
88.3500 97.3600 390182.97 389.6002
88.3500 97.3800 390652.17 389.7674
88.3500 97.4000 391121.89 389.9347
88.3500 97.4200 391600.17 390.1022
88.3500 97.4400 392070.95 390.2697
88.3500 97.4600 392542.27 390.4373
88.3500 97.4800 393022.15 390.6050
88.3500 97.5000 393494.53 390.7728
88.3500 97.5200 393967.44 390.9407
88.3500 97.5400 394448.93 391.1088
88.3500 97.5600 394922.91 391.2769
88.3500 97.5800 395397.43 391.4451
88.3500 97.6000 395880.54 391.6134
88.3500 97.6200 396356.13 391.7819
88.3500 97.6400 396840.31 391.9504
88.3500 97.6600 397316.99 392.1190
88.3500 97.6800 397794.20 392.2878
88.3500 97.7000 398280.01 392.4566
88.3500 97.7200 398758.31 392.6255
88.3500 97.7400 399237.15 392.7946
88.3500 97.7600 399724.61 392.9637
88.3500 97.7800 400204.55 393.1330
88.3500 97.8000 400693.10 393.3023
88.3500 97.8200 401174.13 393.4718
88.3500 97.8400 401655.70 393.6413
88.3500 97.8600 402145.90 393.8110
88.3500 97.8800 402628.58 393.9808
88.3500 97.9000 403119.88 394.1507
88.3500 97.9200 403603.66 394.3206
88.3500 97.9400 404087.98 394.4907
88.3500 97.9600 404580.95 394.6609
88.3500 97.9800 405066.39 394.8312
88.3500 98.0000 405560.47 395.0016
88.3500 98.0200 406047.01 395.1721
88.3500 98.0400 406534.10 395.3427
88.3500 98.0600 407029.85 395.5134
88.3500 98.0800 407518.06 395.6842
88.3500 98.1000 408014.93 395.8552
88.3500 98.1200 408504.25 396.0262
88.3500 98.1400 408994.14 396.1973
88.3500 98.1600 409492.70 396.3686
88.3500 98.1800 409983.69 396.5399
88.3500 98.2000 410483.38 396.7114
88.3500 98.2200 410975.50 396.8829
88.3500 98.2400 411476.31 397.0546
88.3500 98.2600 411969.57 397.2264
88.3500 98.2800 412463.38 397.3983
88.3500 98.3000 412965.89 397.5703
88.3500 98.3200 413460.84 397.7424
88.3500 98.3400 413964.49 397.9146
88.3500 98.3600 414460.56 398.0869
88.3500 98.3800 414965.35 398.2593
88.3500 98.4000 415462.57 398.4318
88.3500 98.4200 415968.50 398.6045
88.3500 98.4400 416466.86 398.7772
88.3500 98.4600 416973.93 398.9501
88.3500 98.4800 417473.44 399.1230
88.3500 98.5000 417973.51 399.2961
88.3500 98.5200 418482.31 399.4693
88.3500 98.5400 418983.52 399.6425
88.3500 98.5600 419493.48 399.8159
88.3500 98.5800 419995.86 399.9894
88.3500 98.6000 420506.98 400.1631
88.3500 98.6200 421010.51 400.3368
88.3500 98.6400 421522.80 400.5106
88.3500 98.6600 422027.49 400.6846
88.3500 98.6800 422540.94 400.8586
88.3500 98.7000 423046.80 401.0328
88.3500 98.7200 423561.43 401.2071
88.3500 98.7400 424068.46 401.3815
88.3500 98.7600 424584.26 401.5560
88.3500 98.7800 425092.47 401.7306
88.3500 98.8000 425609.44 401.9053
88.3500 98.8200 426118.82 402.0801
88.3500 98.8400 426636.98 402.2551
88.3500 98.8600 427147.54 402.4301
88.3500 98.8800 427666.88 402.6053
88.3500 98.9000 428178.62 402.7806
88.3500 98.9200 428699.15 402.9560
88.3500 98.9400 429212.07 403.1315
88.3500 98.9600 429733.79 403.3071
88.3500 98.9800 430247.90 403.4829
88.3500 99.0000 430770.82 403.6587
88.3500 99.0200 431286.12 403.8347
88.3500 99.0400 431810.24 404.0108
88.3500 99.0600 432326.73 404.1869
88.3500 99.0800 432852.05 404.3632
88.3500 99.1000 433369.74 404.5397
88.3500 99.1200 433896.26 404.7162
88.3500 99.1400 434415.15 404.8928
88.3500 99.1600 434942.88 405.0696
88.3500 99.1800 435462.98 405.2465
88.3500 99.2000 435991.92 405.4235
88.3500 99.2200 436521.46 405.6006
88.3500 99.2400 437043.38 405.7778
88.3500 99.2600 437574.14 405.9551
88.3500 99.2800 438097.26 406.1326
88.3500 99.3000 438629.24 406.3101
88.3500 99.3200 439153.58 406.4878
88.3500 99.3400 439686.79 406.6656
88.3500 99.3600 440212.35 406.8435
88.3500 99.3800 440746.78 407.0215
88.3500 99.4000 441273.56 407.1997
88.3500 99.4200 441809.22 407.3779
88.3500 99.4400 442345.49 407.5563
88.3500 99.4600 442874.12 407.7348
88.3500 99.4800 443411.64 407.9134
88.3500 99.5000 443941.51 408.0922
88.3500 99.5200 444480.27 408.2710
88.3500 99.5400 445011.38 408.4500
88.3500 99.5600 445551.39 408.6291
88.3500 99.5800 446092.02 408.8083
88.3500 99.6000 446625.00 408.9876
88.3500 99.6200 447166.87 409.1670
88.3500 99.6400 447701.10 409.3466
88.3500 99.6600 448244.24 409.5263
88.3500 99.6800 448788.01 409.7061
88.3500 99.7000 449324.11 409.8860
88.3500 99.7200 449869.14 410.0660
88.3500 99.7400 450406.50 410.2462
88.3500 99.7600 450952.80 410.4265
88.3500 99.7800 451499.72 410.6069
88.3500 99.8000 452038.98 410.7874
88.3500 99.8200 452587.18 410.9680
88.3500 99.8400 453127.69 411.1488
88.3500 99.8600 453677.17 411.3297
88.3500 99.8800 454227.28 411.5107
88.3500 99.9000 454769.70 411.6918
88.3500 99.9200 455321.09 411.8730
88.3500 99.9400 455873.12 412.0544
88.3500 99.9600 456417.47 412.2359
88.3500 99.9800 456970.77 412.4175
88.3500 100.0000 457516.40 412.5992
88.3500 100.0200 458071.00 412.7811
88.3500 100.0400 458626.25 412.9631
88.3500 100.0600 459173.80 413.1452
88.3500 100.0800 459730.34 413.3274
88.3500 100.1000 460287.53 413.5097
88.3500 100.1200 460837.02 413.6922
88.3500 100.1400 461395.50 413.8748
88.3500 100.1600 461954.64 414.0575
88.3500 100.1800 462506.08 414.2403
88.3500 100.2000 463066.52 414.4233
88.3500 100.2200 463627.62 414.6064
88.3500 100.2400 464181.01 414.7896
88.3500 100.2600 464743.41 414.9729
88.3500 100.2800 465306.47 415.1564
88.3500 100.3000 465861.84 415.3400
88.3500 100.3200 466426.23 415.5237
88.3500 100.3400 466991.28 415.7075
88.3500 100.3600 467548.62 415.8915
88.3500 100.3800 468115.00 416.0756
88.3500 100.4000 468682.04 416.2598
88.3500 100.4200 469241.38 416.4441
88.3500 100.4400 469809.75 416.6286
88.3500 100.4600 470378.80 416.8132
88.3500 100.4800 470940.13 416.9979
88.3500 100.5000 471510.52 417.1828
88.3500 100.5200 472081.58 417.3678
88.3500 100.5400 472653.31 417.5529
88.3500 100.5600 473217.32 417.7381
88.3500 100.5800 473790.40 417.9235
88.3500 100.6000 474364.16 418.1090
88.3500 100.6200 474930.19 418.2946
88.3500 100.6400 475505.30 418.4804
88.3500 100.6600 476081.09 418.6662
88.3500 100.6800 476657.56 418.8523
88.3500 100.7000 477226.29 419.0384
88.3500 100.7200 477804.12 419.2247
88.3500 100.7400 478382.63 419.4111
88.3500 100.7600 478953.41 419.5976
88.3500 100.7800 479533.29 419.7843
88.3500 100.8000 480113.85 419.9711
88.3500 100.8200 480695.10 420.1580
88.3500 100.8400 481268.62 420.3450
88.3500 100.8600 481851.24 420.5322
88.3500 100.8800 482434.56 420.7195
88.3500 100.9000 483018.57 420.9070
88.3500 100.9200 483594.83 421.0946
88.3500 100.9400 484180.22 421.2823
88.3500 100.9600 484766.31 421.4701
88.3500 100.9800 485353.08 421.6581
88.3500 101.0000 485932.12 421.8462
88.3500 101.0200 486520.28 422.0344
88.3500 101.0400 487109.16 422.2228
88.3500 101.0600 487698.73 422.4113
88.3500 101.0800 488280.54 422.5999
88.3500 101.1000 488871.51 422.7887
88.3500 101.1200 489463.18 422.9776
88.3500 101.1400 490055.57 423.1667
88.3500 101.1600 490648.65 423.3558
88.3500 101.1800 491233.97 423.5451
88.3500 101.2000 491828.48 423.7346
88.3500 101.2200 492423.68 423.9242
88.3500 101.2400 493019.61 424.1139
88.3500 101.2600 493616.23 424.3037
88.3500 101.2800 494205.10 424.4937
88.3500 101.3000 494803.16 424.6838
88.3500 101.3200 495401.93 424.8741
88.3500 101.3400 496001.41 425.0645
88.3500 101.3600 496601.62 425.2550
88.3500 101.3800 497194.05 425.4457
88.3500 101.4000 497795.68 425.6365
88.3500 101.4200 498398.05 425.8274
88.3500 101.4400 499001.13 426.0185
88.3500 101.4600 499604.93 426.2097
88.3500 101.4800 500209.45 426.4011
88.3500 101.5000 500806.20 426.5926
88.3500 101.5200 501412.18 426.7842
88.3500 101.5400 502018.88 426.9760
88.3500 101.5600 502626.30 427.1679
88.3500 101.5800 503234.46 427.3599
88.3500 101.6000 503843.34 427.5521
88.3500 101.6200 504444.44 427.7445
88.3500 101.6400 505054.80 427.9369
88.3500 101.6600 505665.88 428.1295
88.3500 101.6800 506277.70 428.3223
88.3500 101.7000 506890.25 428.5152
88.3500 101.7200 507503.54 428.7082
88.3500 101.7400 508117.56 428.9013
88.3500 101.7600 508723.79 429.0947
88.3500 101.7800 509339.30 429.2881
88.3500 101.8000 509955.54 429.4817
88.3500 101.8200 510572.53 429.6754
88.3500 101.8400 511190.26 429.8693
88.3500 101.8600 511808.73 430.0633
88.3500 101.8800 512427.95 430.2575
88.3500 101.9000 513047.92 430.4518
88.3500 101.9200 513660.08 430.6462
88.3500 101.9400 514281.55 430.8408
88.3500 101.9600 514903.77 431.0355
88.3500 101.9800 515526.74 431.2304
88.3500 102.0000 516150.47 431.4254
88.3500 102.0200 516774.95 431.6206
88.3500 102.0400 517400.19 431.8159
88.3500 102.0600 518026.17 432.0113
88.3500 102.0800 518652.93 432.2069
88.3500 102.1000 519280.45 432.4026
88.3500 102.1200 519900.15 432.5985
88.3500 102.1400 520529.18 432.7945
88.3500 102.1600 521158.98 432.9907
88.3500 102.1800 521789.55 433.1870
88.3500 102.2000 522420.88 433.3835
88.3500 102.2200 523052.98 433.5801
88.3500 102.2400 523685.84 433.7769
88.3500 102.2600 524319.48 433.9738
88.3500 102.2800 524953.88 434.1708
88.3500 102.3000 525589.07 434.3680
88.3500 102.3200 526225.02 434.5654
88.3500 102.3400 526861.74 434.7629
88.3500 102.3600 527499.25 434.9605
88.3500 102.3800 528137.52 435.1583
88.3500 102.4000 528776.58 435.3563
88.3500 102.4200 529416.42 435.5544
88.3500 102.4400 530057.03 435.7526
88.3500 102.4600 530698.43 435.9510
88.3500 102.4800 531332.00 436.1495
88.3500 102.5000 531974.96 436.3482
88.3500 102.5200 532618.71 436.5470
88.3500 102.5400 533263.25 436.7460
88.3500 102.5600 533908.56 436.9452
88.3500 102.5800 534554.68 437.1444
88.3500 102.6000 535201.58 437.3439
88.3500 102.6200 535849.28 437.5435
88.3500 102.6400 536497.76 437.7432
88.3500 102.6600 537147.03 437.9431
88.3500 102.6800 537797.11 438.1431
88.3500 102.7000 538447.98 438.3433
88.3500 102.7200 539099.66 438.5437
88.3500 102.7400 539752.13 438.7442
88.3500 102.7600 540405.40 438.9448
88.3500 102.7800 541059.48 439.1457
88.3500 102.8000 541714.36 439.3466
88.3500 102.8200 542370.05 439.5477
88.3500 102.8400 543026.55 439.7490
88.3500 102.8600 543692.50 439.9504
88.3500 102.8800 544350.62 440.1520
88.3500 102.9000 545009.55 440.3537
88.3500 102.9200 545669.28 440.5556
88.3500 102.9400 546329.83 440.7577
88.3500 102.9600 546991.20 440.9599
88.3500 102.9800 547653.39 441.1622
88.3500 103.0000 548316.39 441.3647
88.3500 103.0200 548980.20 441.5674
88.3500 103.0400 549644.84 441.7702
88.3500 103.0600 550310.29 441.9732
88.3500 103.0800 550976.58 442.1763
88.3500 103.1000 551643.69 442.3796
88.3500 103.1200 552311.62 442.5831
88.3500 103.1400 552980.37 442.7867
88.3500 103.1600 553649.96 442.9905
88.3500 103.1800 554320.37 443.1944
88.3500 103.2000 554991.61 443.3985
88.3500 103.2200 555672.38 443.6027
88.3500 103.2400 556345.29 443.8071
88.3500 103.2600 557019.04 444.0117
88.3500 103.2800 557693.63 444.2164
88.3500 103.3000 558369.05 444.4213
88.3500 103.3200 559045.31 444.6264
88.3500 103.3400 559722.40 444.8316
88.3500 103.3600 560400.34 445.0369
88.3500 103.3800 561079.12 445.2425
88.3500 103.4000 561758.75 445.4481
88.3500 103.4200 562447.94 445.6540
88.3500 103.4400 563129.26 445.8600
88.3500 103.4600 563811.42 446.0662
88.3500 103.4800 564494.43 446.2725
88.3500 103.5000 565178.30 446.4790
88.3500 103.5200 565863.03 446.6857
88.3500 103.5400 566548.61 446.8925
88.3500 103.5600 567235.05 447.0995
88.3500 103.5800 567931.09 447.3066
88.3500 103.6000 568619.25 447.5140
88.3500 103.6200 569308.28 447.7214
88.3500 103.6400 569998.16 447.9291
88.3500 103.6600 570688.90 448.1369
88.3500 103.6800 571380.52 448.3449
88.3500 103.7000 572081.75 448.5530
88.3500 103.7200 572775.11 448.7614
88.3500 103.7400 573469.34 448.9698
88.3500 103.7600 574164.44 449.1785
88.3500 103.7800 574860.40 449.3873
88.3500 103.8000 575557.24 449.5963
88.3500 103.8200 576263.72 449.8054
88.3500 103.8400 576962.33 450.0147
88.3500 103.8600 577661.79 450.2242
88.3500 103.8800 578362.15 450.4339
88.3500 103.9000 579063.40 450.6437
88.3500 103.9200 579774.28 450.8537
88.3500 103.9400 580477.30 451.0638
88.3500 103.9600 581181.20 451.2742
88.3500 103.9800 581885.98 451.4847
88.3500 104.0000 582591.64 451.6954
88.3500 104.0200 583306.99 451.9062
88.3500 104.0400 584014.45 452.1172
88.3500 104.0600 584722.79 452.3284
88.3500 104.0800 585432.04 452.5397
88.3500 104.1000 586150.97 452.7513
88.3500 104.1200 586862.01 452.9630
88.3500 104.1400 587573.96 453.1748
88.3500 104.1600 588286.79 453.3869
88.3500 104.1800 589000.54 453.5991
88.3500 104.2000 589723.98 453.8115
88.3500 104.2200 590439.54 454.0240
88.3500 104.2400 591155.99 454.2368
88.3500 104.2600 591873.37 454.4497
88.3500 104.2800 592600.46 454.6628
88.3500 104.3000 593319.66 454.8760
88.3500 104.3200 594039.77 455.0895
88.3500 104.3400 594769.62 455.3031
88.3500 104.3600 595491.56 455.5168
88.3500 104.3800 596214.43 455.7308
88.3500 104.4000 596938.21 455.9449
88.3500 104.4200 597671.75 456.1593
88.3500 104.4400 598397.38 456.3737
88.3500 104.4600 599123.94 456.5884
88.3500 104.4800 599860.26 456.8033
88.3500 104.5000 600588.68 457.0183
88.3500 104.5200 601318.02 457.2335
88.3500 104.5400 602048.28 457.4489
88.3500 104.5600 602788.34 457.6644
88.3500 104.5800 603520.48 457.8802
88.3500 104.6000 604253.57 458.0961
88.3500 104.6200 604996.43 458.3122
88.3500 104.6400 605731.39 458.5284
88.3500 104.6600 606467.29 458.7449
88.3500 104.6800 607212.99 458.9615
88.3500 104.7000 607950.77 459.1784
88.3500 104.7200 608689.51 459.3954
88.3500 104.7400 609438.05 459.6125
88.3500 104.7600 610178.68 459.8299
88.3500 104.7800 610920.25 460.0474
88.3500 104.8000 611671.67 460.2652
88.3500 104.8200 612415.15 460.4831
88.3500 104.8400 613168.47 460.7012
88.3500 104.8600 613913.88 460.9195
88.3500 104.8800 614660.24 461.1379
88.3500 104.9000 615416.44 461.3566
88.3500 104.9200 616164.72 461.5754
88.3500 104.9400 616913.96 461.7944
88.3500 104.9600 617673.07 462.0136
88.3500 104.9800 618424.25 462.2330
88.3500 105.0000 619185.29 462.4525
88.3500 105.0200 619938.42 462.6723
88.3500 105.0400 620692.51 462.8922
88.3500 105.0600 621456.50 463.1124
88.3500 105.0800 622212.54 463.3327
88.3500 105.1000 622978.47 463.5532
88.3500 105.1200 623736.48 463.7739
88.3500 105.1400 624495.47 463.9947
88.3500 105.1600 625264.35 464.2158
88.3500 105.1800 626025.31 464.4371
88.3500 105.2000 626796.17 464.6585
88.3500 105.2200 627559.11 464.8802
88.3500 105.2400 628331.97 465.1020
88.3500 105.2600 629096.89 465.3240
88.3500 105.2800 629862.80 465.5462
88.3500 105.3000 630638.63 465.7686
88.3500 105.3200 631406.54 465.9912
88.3500 105.3400 632184.37 466.2140
88.3500 105.3600 632954.28 466.4369
88.3500 105.3800 633734.12 466.6601
88.3500 105.4000 634506.04 466.8834
88.3500 105.4200 635287.90 467.1070
88.3500 105.4400 636061.83 467.3307
88.3500 105.4600 636845.71 467.5547
88.3500 105.4800 637621.66 467.7788
88.3500 105.5000 638407.57 468.0031
88.3500 105.5200 639185.55 468.2276
88.3500 105.5400 639973.50 468.4523
88.3500 105.5600 640753.52 468.6773
88.3500 105.5800 641543.51 468.9024
88.3500 105.6000 642325.55 469.1277
88.3500 105.6200 643117.59 469.3531
88.3500 105.6400 643901.70 469.5788
88.3500 105.6600 644695.80 469.8047
88.3500 105.6800 645481.97 470.0308
88.3500 105.7000 646278.14 470.2571
88.3500 105.7200 647066.37 470.4836
88.3500 105.7400 647864.61 470.7103
88.3500 105.7600 648654.92 470.9371
88.3500 105.7800 649455.22 471.1642
88.3500 105.8000 650247.61 471.3915
88.3500 105.8200 651050.02 471.6190
88.3500 105.8400 651844.50 471.8466
88.3500 105.8600 652649.01 472.0745
88.3500 105.8800 653454.57 472.3026
88.3500 105.9000 654252.18 472.5309
88.3500 105.9200 655059.85 472.7594
88.3500 105.9400 655859.58 472.9881
88.3500 105.9600 656669.37 473.2169
88.3500 105.9800 657471.20 473.4460
88.3500 106.0000 658283.11 473.6753
88.3500 106.0200 659096.08 473.9048
88.3500 106.0400 659901.12 474.1345
88.3500 106.0600 660716.21 474.3644
88.3500 106.0800 661523.38 474.5945
88.3500 106.1000 662340.63 474.8249
88.3500 106.1200 663158.95 475.0554
88.3500 106.1400 663969.32 475.2861
88.3500 106.1600 664789.80 475.5170
88.3500 106.1800 665602.34 475.7482
88.3500 106.2000 666424.96 475.9795
88.3500 106.2200 667248.68 476.2111
88.3500 106.2400 668064.47 476.4428
88.3500 106.2600 668890.35 476.6748
88.3500 106.2800 669717.33 476.9070
88.3500 106.3000 670536.38 477.1394
88.3500 106.3200 671365.53 477.3720
88.3500 106.3400 672195.80 477.6048
88.3500 106.3600 673018.12 477.8378
88.3500 106.3800 673850.57 478.0710
88.3500 106.4000 674684.14 478.3045
88.3500 106.4200 675509.74 478.5381
88.3500 106.4400 676345.52 478.7720
88.3500 106.4600 677182.39 479.0060
88.3500 106.4800 678011.33 479.2403
88.3500 106.5000 678850.43 479.4748
88.3500 106.5200 679690.64 479.7095
88.3500 106.5400 680522.92 479.9445
88.3500 106.5600 681365.36 480.1796
88.3500 106.5800 682208.93 480.4150
88.3500 106.6000 683053.62 480.6505
88.3500 106.6200 683890.37 480.8863
88.3500 106.6400 684737.31 481.1223
88.3500 106.6600 685585.39 481.3585
88.3500 106.6800 686425.51 481.5950
88.3500 106.7000 687275.85 481.8316
88.3500 106.7200 688127.31 482.0685
88.3500 106.7400 688979.93 482.3056
88.3500 106.7600 689824.58 482.5429
88.3500 106.7800 690679.48 482.7804
88.3500 106.8000 691535.51 483.0181
88.3500 106.8200 692392.69 483.2561
88.3500 106.8400 693241.91 483.4943
88.3500 106.8600 694101.38 483.7326
88.3500 106.8800 694962.02 483.9713
88.3500 106.9000 695823.79 484.2101
88.3500 106.9200 696677.63 484.4492
88.3500 106.9400 697541.71 484.6885
88.3500 106.9600 698406.98 484.9280
88.3500 106.9800 699273.39 485.1677
88.3500 107.0000 700140.96 485.4076
88.3500 107.0200 701000.60 485.6478
88.3500 107.0400 701870.51 485.8882
88.3500 107.0600 702741.59 486.1288
88.3500 107.0800 703613.86 486.3697
88.3500 107.1000 704487.29 486.6108
88.3500 107.1200 705361.89 486.8521
88.3500 107.1400 706228.57 487.0936
88.3500 107.1600 707105.54 487.3353
88.3500 107.1800 707983.69 487.5773
88.3500 107.2000 708863.06 487.8195
88.3500 107.2200 709743.59 488.0619
88.3500 107.2400 710625.31 488.3046
88.3500 107.2600 711499.11 488.5475
88.3500 107.2800 712383.22 488.7906
88.3500 107.3000 713268.53 489.0340
88.3500 107.3200 714155.05 489.2775
88.3500 107.3400 715042.78 489.5214
88.3500 107.3600 715931.70 489.7654
88.3500 107.3800 716821.83 490.0097
88.3500 107.4000 717713.17 490.2542
88.3500 107.4200 718596.59 490.4989
88.3500 107.4400 719490.35 490.7439
88.3500 107.4600 720385.33 490.9891
88.3500 107.4800 721281.53 491.2345
88.3500 107.5000 722178.95 491.4802
88.3500 107.5200 723077.62 491.7261
88.3500 107.5400 723977.49 491.9722
88.3500 107.5600 724878.59 492.2186
88.3500 107.5800 725780.92 492.4652
88.3500 107.6000 726684.48 492.7121
88.3500 107.6200 727589.28 492.9591
88.3500 107.6400 728495.34 493.2065
88.3500 107.6600 729402.61 493.4540
88.3500 107.6800 730311.13 493.7018
88.3500 107.7000 731211.70 493.9498
88.3500 107.7200 732122.71 494.1981
88.3500 107.7400 733034.97 494.4466
88.3500 107.7600 733948.47 494.6954
88.3500 107.7800 734863.24 494.9444
88.3500 107.8000 735779.28 495.1936
88.3500 107.8200 736696.55 495.4431
88.3500 107.8400 737615.09 495.6928
88.3500 107.8600 738534.90 495.9428
88.3500 107.8800 739455.97 496.1930
88.3500 107.9000 740378.31 496.4434
88.3500 107.9200 741301.93 496.6941
88.3500 107.9400 742226.81 496.9450
88.3500 107.9600 743152.98 497.1962
88.3500 107.9800 744080.42 497.4476
88.3500 108.0000 745009.15 497.6993
88.3500 108.0200 745948.38 497.9512
88.3500 108.0400 746879.68 498.2034
88.3500 108.0600 747812.26 498.4558
88.3500 108.0800 748746.14 498.7084
88.3500 108.1000 749681.31 498.9614
88.3500 108.1200 750617.78 499.2145
88.3500 108.1400 751555.55 499.4679
88.3500 108.1600 752494.62 499.7216
88.3500 108.1800 753434.99 499.9755
88.3500 108.2000 754376.67 500.2296
88.3500 108.2200 755319.66 500.4840
88.3500 108.2400 756263.95 500.7387
88.3500 108.2600 757209.57 500.9936
88.3500 108.2800 758156.50 501.2488
88.3500 108.3000 759114.00 501.5042
88.3500 108.3200 760063.57 501.7598
88.3500 108.3400 761014.47 502.0158
88.3500 108.3600 761966.69 502.2719
88.3500 108.3800 762920.24 502.5284
88.3500 108.4000 763875.12 502.7850
88.3500 108.4200 764831.32 503.0420
88.3500 108.4400 765788.87 503.2992
88.3500 108.4600 766757.04 503.5566
88.3500 108.4800 767717.28 503.8144
88.3500 108.5000 768678.86 504.0723
88.3500 108.5200 769641.80 504.3306
88.3500 108.5400 770606.08 504.5890
88.3500 108.5600 771571.72 504.8478
88.3500 108.5800 772547.98 505.1068
88.3500 108.6000 773516.33 505.3661
88.3500 108.6200 774486.05 505.6256
88.3500 108.6400 775457.13 505.8854
88.3500 108.6600 776429.58 506.1455
88.3500 108.6800 777412.69 506.4058
88.3500 108.7000 778387.86 506.6664
88.3500 108.7200 779364.43 506.9272
88.3500 108.7400 780342.38 507.1883
88.3500 108.7600 781321.70 507.4497
88.3500 108.7800 782311.72 507.7113
88.3500 108.8000 783293.79 507.9732
88.3500 108.8200 784277.28 508.2354
88.3500 108.8400 785262.15 508.4979
88.3500 108.8600 786257.74 508.7606
88.3500 108.8800 787245.39 509.0235
88.3500 108.9000 788234.46 509.2868
88.3500 108.9200 789234.25 509.5503
88.3500 108.9400 790226.13 509.8141
88.3500 108.9600 791219.40 510.0781
88.3500 108.9800 792214.09 510.3425
88.3500 109.0000 793219.54 510.6071
88.3500 109.0200 794217.04 510.8719
88.3500 109.0400 795215.99 511.1371
88.3500 109.0600 796225.70 511.4025
88.3500 109.0800 797227.50 511.6682
88.3500 109.1000 798230.70 511.9341
88.3500 109.1200 799244.70 512.2004
88.3500 109.1400 800250.79 512.4669
88.3500 109.1600 801258.30 512.7337
88.3500 109.1800 802276.62 513.0007
88.3500 109.2000 803287.03 513.2681
88.3500 109.2200 804298.87 513.5357
88.3500 109.2400 805321.53 513.8036
88.3500 109.2600 806336.30 514.0718
88.3500 109.2800 807352.49 514.3402
88.3500 109.3000 808379.53 514.6090
88.3500 109.3200 809398.64 514.8780
88.3500 109.3400 810419.24 515.1473
88.3500 109.3600 811450.68 515.4169
88.3500 109.3800 812474.19 515.6867
88.3500 109.4000 813508.57 515.9569
88.3500 109.4200 814535.06 516.2273
88.3500 109.4400 815563.00 516.4980
88.3500 109.4600 816601.83 516.7690
88.3500 109.4800 817632.74 517.0403
88.3500 109.5000 818674.55 517.3119
88.3500 109.5200 819708.43 517.5837
88.3500 109.5400 820753.23 517.8559
88.3500 109.5600 821790.13 518.1283
88.3500 109.5800 822837.91 518.4010
88.3500 109.6000 823877.81 518.6741
88.3500 109.6200 824919.20 518.9473
88.3500 109.6400 825971.52 519.2209
88.3500 109.6600 827015.93 519.4948
88.3500 109.6800 828071.29 519.7690
88.3500 109.7000 829118.73 520.0434
88.3500 109.7200 830177.13 520.3182
88.3500 109.7400 831227.62 520.5932
88.3500 109.7600 832289.08 520.8686
88.3500 109.7800 833342.63 521.1442
88.3500 109.8000 834407.16 521.4201
88.3500 109.8200 835463.78 521.6964
88.3500 109.8400 836531.39 521.9729
88.3500 109.8600 837591.10 522.2497
88.3500 109.8800 838661.81 522.5268
88.3500 109.9000 839734.04 522.8042
88.3500 109.9200 840798.43 523.0819
88.3500 109.9400 841873.78 523.3600
88.3500 109.9600 842941.27 523.6383
88.3500 109.9800 844019.77 523.9169
88.3500 110.0000 845090.38 524.1958
88.3500 110.0200 846172.03 524.4750
88.3500 110.0400 847255.23 524.7545
88.3500 110.0600 848330.59 525.0343
88.3500 110.0800 849416.95 525.3145
88.3500 110.1000 850495.45 525.5949
88.3500 110.1200 851585.01 525.8756
88.3500 110.1400 852676.14 526.1567
88.3500 110.1600 853759.43 526.4380
88.3500 110.1800 854853.76 526.7197
88.3500 110.2000 855949.68 527.0016
88.3500 110.2200 857037.77 527.2839
88.3500 110.2400 858136.91 527.5665
88.3500 110.2600 859228.22 527.8494
88.3500 110.2800 860330.59 528.1326
88.3500 110.3000 861434.58 528.4161
88.3500 110.3200 862530.74 528.6999
88.3500 110.3400 863637.97 528.9840
88.3500 110.3600 864746.83 529.2685
88.3500 110.3800 865857.36 529.5532
88.3500 110.4000 866960.01 529.8383
88.3500 110.4200 868073.78 530.1237
88.3500 110.4400 869189.22 530.4094
88.3500 110.4600 870296.80 530.6954
88.3500 110.4800 871415.51 530.9818
88.3500 110.5000 872535.88 531.2684
88.3500 110.5200 873657.93 531.5554
88.3500 110.5400 874772.12 531.8427
88.3500 110.5600 875897.48 532.1303
88.3500 110.5800 877024.52 532.4182
88.3500 110.6000 878153.22 532.7065
88.3500 110.6200 879274.08 532.9951
88.3500 110.6400 880406.12 533.2840
88.3500 110.6600 881539.88 533.5732
88.3500 110.6800 882675.30 533.8627
88.3500 110.7000 883812.40 534.1526
88.3500 110.7200 884941.68 534.4428
88.3500 110.7400 886082.21 534.7333
88.3500 110.7600 887224.40 535.0242
88.3500 110.7800 888368.30 535.3153
88.3500 110.8000 889513.91 535.6069
88.3500 110.8200 890651.73 535.8987
88.3500 110.8400 891800.77 536.1909
88.3500 110.8600 892951.52 536.4833
88.3500 110.8800 894104.00 536.7762
88.3500 110.9000 895258.20 537.0693
88.3500 110.9200 896414.16 537.3628
88.3500 110.9400 897571.82 537.6566
88.3500 110.9600 898731.23 537.9508
88.3500 110.9800 899882.83 538.2453
88.3500 111.0000 901045.71 538.5401
88.3500 111.0200 902210.35 538.8353
88.3500 111.0400 903376.77 539.1308
88.3500 111.0600 904544.92 539.4266
88.3500 111.0800 905714.82 539.7228
88.3500 111.1000 906886.49 540.0193
88.3500 111.1200 908059.93 540.3162
88.3500 111.1400 909235.15 540.6134
88.3500 111.1600 910412.13 540.9109
88.3500 111.1800 911590.93 541.2088
88.3500 111.2000 912771.48 541.5070
88.3500 111.2200 913953.82 541.8056
88.3500 111.2400 915137.96 542.1045
88.3500 111.2600 916323.88 542.4037
88.3500 111.2800 917511.61 542.7034
88.3500 111.3000 918701.14 543.0033
88.3500 111.3200 919892.47 543.3036
88.3500 111.3400 921085.62 543.6042
88.3500 111.3600 922280.59 543.9052
88.3500 111.3800 923477.37 544.2066
88.3500 111.4000 924676.00 544.5083
88.3500 111.4200 925876.44 544.8103
88.3500 111.4400 927078.70 545.1127
88.3500 111.4600 928282.80 545.4155
88.3500 111.4800 929488.73 545.7186
88.3500 111.5000 930696.51 546.0221
88.3500 111.5200 931906.14 546.3259
88.3500 111.5400 933117.62 546.6301
88.3500 111.5600 934330.95 546.9346
88.3500 111.5800 935546.14 547.2395
88.3500 111.6000 936763.20 547.5447
88.3500 111.6200 937991.73 547.8503
88.3500 111.6400 939212.53 548.1563
88.3500 111.6600 940435.20 548.4626
88.3500 111.6800 941659.76 548.7693
88.3500 111.7000 942886.19 549.0764
88.3500 111.7200 944114.52 549.3838
88.3500 111.7400 945344.74 549.6916
88.3500 111.7600 946576.86 549.9997
88.3500 111.7800 947820.51 550.3082
88.3500 111.8000 949056.43 550.6171
88.3500 111.8200 950294.27 550.9264
88.3500 111.8400 951534.02 551.2360
88.3500 111.8600 952775.69 551.5460
88.3500 111.8800 954028.92 551.8563
88.3500 111.9000 955274.44 552.1670
88.3500 111.9200 956521.89 552.4781
88.3500 111.9400 957771.28 552.7896
88.3500 111.9600 959032.26 553.1015
88.3500 111.9800 960285.50 553.4137
88.3500 112.0000 961540.72 553.7263
88.3500 112.0200 962797.89 554.0392
88.3500 112.0400 964066.68 554.3526
88.3500 112.0600 965327.78 554.6663
88.3500 112.0800 966590.84 554.9804
88.3500 112.1000 967855.88 555.2949
88.3500 112.1200 969132.55 555.6098
88.3500 112.1400 970401.54 555.9250
88.3500 112.1600 971672.51 556.2407
88.3500 112.1800 972955.15 556.5567
88.3500 112.2000 974230.07 556.8731
88.3500 112.2200 975507.02 557.1899
88.3500 112.2400 976795.66 557.5070
88.3500 112.2600 978076.62 557.8246
88.3500 112.2800 979359.60 558.1425
88.3500 112.3000 980654.28 558.4609
88.3500 112.3200 981941.29 558.7796
88.3500 112.3400 983230.29 559.0987
88.3500 112.3600 984531.06 559.4182
88.3500 112.3800 985824.16 559.7381
88.3500 112.4000 987129.01 560.0584
88.3500 112.4200 988426.20 560.3791
88.3500 112.4400 989735.14 560.7001
88.3500 112.4600 991036.40 561.0216
88.3500 112.4800 992339.75 561.3435
88.3500 112.5000 993654.88 561.6658
88.3500 112.5200 994962.36 561.9884
88.3500 112.5400 996281.63 562.3115
88.3500 112.5600 997593.23 562.6350
88.3500 112.5800 998916.67 562.9588
88.3500 112.6000 1000232.47 563.2831
88.3500 112.6200 1001560.09 563.6078
88.3500 112.6400 1002880.08 563.9329
88.3500 112.6600 1004211.87 564.2583
88.3500 112.6800 1005536.07 564.5842
88.3500 112.7000 1006872.11 564.9105
88.3500 112.7200 1008200.54 565.2372
88.3500 112.7400 1009540.79 565.5643
88.3500 112.7600 1010873.47 565.8919
88.3500 112.7800 1012218.02 566.2198
88.3500 112.8000 1013554.96 566.5482
88.3500 112.8200 1014903.75 566.8769
88.3500 112.8400 1016254.73 567.2061
88.3500 112.8600 1017598.11 567.5357
88.3500 112.8800 1018953.40 567.8657
88.3500 112.9000 1020301.06 568.1961
88.3500 112.9200 1021660.68 568.5270
88.3500 112.9400 1023022.48 568.8582
88.3500 112.9600 1024376.66 569.1899
88.3500 112.9800 1025742.82 569.5220
88.3500 113.0000 1027111.16 569.8546
88.3500 113.0200 1028471.90 570.1875
88.3500 113.0400 1029844.65 570.5209
88.3500 113.0600 1031219.59 570.8547
88.3500 113.0800 1032586.94 571.1889
88.3500 113.1000 1033966.31 571.5235
88.3500 113.1200 1035347.90 571.8586
88.3500 113.1400 1036721.90 572.1941
88.3500 113.1600 1038107.95 572.5301
88.3500 113.1800 1039496.23 572.8664
88.3500 113.2000 1040886.72 573.2032
88.3500 113.2200 1042269.71 573.5405
88.3500 113.2400 1043664.73 573.8782
88.3500 113.2600 1045061.97 574.2163
88.3500 113.2800 1046461.51 574.5548
88.3500 113.3000 1047853.53 574.8938
88.3500 113.3200 1049257.57 575.2332
88.3500 113.3400 1050663.94 575.5731
88.3500 113.3600 1052072.58 575.9134
88.3500 113.3800 1053483.48 576.2541
88.3500 113.4000 1054886.91 576.5953
88.3500 113.4200 1056302.40 576.9369
88.3500 113.4400 1057720.23 577.2790
88.3500 113.4600 1059140.38 577.6215
88.3500 113.4800 1060562.81 577.9645
88.3500 113.5000 1061987.60 578.3079
88.3500 113.5200 1063414.68 578.6518
88.3500 113.5400 1064834.31 578.9961
88.3500 113.5600 1066266.06 579.3408
88.3500 113.5800 1067700.20 579.6861
88.3500 113.6000 1069136.69 580.0317
88.3500 113.6200 1070575.50 580.3779
88.3500 113.6400 1072016.70 580.7245
88.3500 113.6600 1073460.24 581.0715
88.3500 113.6800 1074906.19 581.4190
88.3500 113.7000 1076354.48 581.7670
88.3500 113.7200 1077805.19 582.1154
88.3500 113.7400 1079258.26 582.4643
88.3500 113.7600 1080713.76 582.8136
88.3500 113.7800 1082171.67 583.1634
88.3500 113.8000 1083631.94 583.5137
88.3500 113.8200 1085094.67 583.8644
88.3500 113.8400 1086559.78 584.2157
88.3500 113.8600 1088027.35 584.5673
88.3500 113.8800 1089497.32 584.9195
88.3500 113.9000 1090969.76 585.2721
88.3500 113.9200 1092444.61 585.6252
88.3500 113.9400 1093921.94 585.9788
88.3500 113.9600 1095401.69 586.3328
88.3500 113.9800 1096883.95 586.6873
88.3500 114.0000 1098368.63 587.0423
88.3500 114.0200 1099855.82 587.3978
88.3500 114.0400 1101355.33 587.7537
88.3500 114.0600 1102847.45 588.1102
88.3500 114.0800 1104342.11 588.4671
88.3500 114.1000 1105839.22 588.8245
88.3500 114.1200 1107338.88 589.1824
88.3500 114.1400 1108841.00 589.5407
88.3500 114.1600 1110345.69 589.8996
88.3500 114.1800 1111862.75 590.2589
88.3500 114.2000 1113372.49 590.6188
88.3500 114.2200 1114884.72 590.9791
88.3500 114.2400 1116399.54 591.3399
88.3500 114.2600 1117926.76 591.7012
88.3500 114.2800 1119446.64 592.0630
88.3500 114.3000 1120969.12 592.4253
88.3500 114.3200 1122494.13 592.7881
88.3500 114.3400 1124031.66 593.1514
88.3500 114.3600 1125561.82 593.5152
88.3500 114.3800 1127094.56 593.8794
88.3500 114.4000 1128629.94 594.2443
88.3500 114.4200 1130177.80 594.6095
88.3500 114.4400 1131718.39 594.9753
88.3500 114.4600 1133261.54 595.3416
88.3500 114.4800 1134817.24 595.7085
88.3500 114.5000 1136365.68 596.0758
88.3500 114.5200 1137916.71 596.4436
88.3500 114.5400 1139480.36 596.8120
88.3500 114.5600 1141036.68 597.1808
88.3500 114.5800 1142605.57 597.5502
88.3500 114.6000 1144167.25 597.9201
88.3500 114.6200 1145731.54 598.2905
88.3500 114.6400 1147308.44 598.6614
88.3500 114.6600 1148878.13 599.0328
88.3500 114.6800 1150460.41 599.4048
88.3500 114.7000 1152035.43 599.7772
88.3500 114.7200 1153623.15 600.1502
88.3500 114.7400 1155203.57 600.5238
88.3500 114.7600 1156786.71 600.8978
88.3500 114.7800 1158382.58 601.2724
88.3500 114.8000 1159971.16 601.6475
88.3500 114.8200 1161572.44 602.0231
88.3500 114.8400 1163166.55 602.3993
88.3500 114.8600 1164773.33 602.7760
88.3500 114.8800 1166382.86 603.1532
88.3500 114.9000 1167985.23 603.5310
88.3500 114.9200 1169600.30 603.9093
88.3500 114.9400 1171208.17 604.2881
88.3500 114.9600 1172828.79 604.6675
88.3500 114.9800 1174442.28 605.0474
88.3500 115.0000 1176068.50 605.4279
88.3500 115.0200 1177697.53 605.8089
88.3500 115.0400 1179319.38 606.1904
88.3500 115.0600 1180954.09 606.5725
88.3500 115.0800 1182591.58 606.9552
88.3500 115.1000 1184221.91 607.3384
88.3500 115.1200 1185865.13 607.7221
88.3500 115.1400 1187511.15 608.1064
88.3500 115.1600 1189150.02 608.4913
88.3500 115.1800 1190801.76 608.8767
88.3500 115.2000 1192456.42 609.2627
88.3500 115.2200 1194103.91 609.6492
88.3500 115.2400 1195764.29 610.0363
88.3500 115.2600 1197427.56 610.4239
88.3500 115.2800 1199093.74 610.8121
88.3500 115.3000 1200762.88 611.2009
88.3500 115.3200 1202424.87 611.5902
88.3500 115.3400 1204099.80 611.9802
88.3500 115.3600 1205777.66 612.3706
88.3500 115.3800 1207458.51 612.7617
88.3500 115.4000 1209142.26 613.1533
88.3500 115.4200 1210818.94 613.5455
88.3500 115.4400 1212508.61 613.9382
88.3500 115.4600 1214201.24 614.3316
88.3500 115.4800 1215896.86 614.7255
88.3500 115.5000 1217595.52 615.1200
88.3500 115.5200 1219297.12 615.5151
88.3500 115.5400 1221001.72 615.9108
88.3500 115.5600 1222709.33 616.3070
88.3500 115.5800 1224419.96 616.7038
88.3500 115.6000 1226133.67 617.1013
88.3500 115.6200 1227840.31 617.4993
88.3500 115.6400 1229560.04 617.8979
88.3500 115.6600 1231282.82 618.2971
88.3500 115.6800 1233008.66 618.6969
88.3500 115.7000 1234737.56 619.0972
88.3500 115.7200 1236469.54 619.4982
88.3500 115.7400 1238204.65 619.8998
88.3500 115.7600 1239952.87 620.3020
88.3500 115.7800 1241694.12 620.7048
88.3500 115.8000 1243438.48 621.1081
88.3500 115.8200 1245185.96 621.5121
88.3500 115.8400 1246936.56 621.9167
88.3500 115.8600 1248690.29 622.3219
88.3500 115.8800 1250447.16 622.7277
88.3500 115.9000 1252207.24 623.1342
88.3500 115.9200 1253970.41 623.5412
88.3500 115.9400 1255736.76 623.9489
88.3500 115.9600 1257516.36 624.3571
88.3500 115.9800 1259289.06 624.7660
88.3500 116.0000 1261064.95 625.1756
88.3500 116.0200 1262844.04 625.5857
88.3500 116.0400 1264626.34 625.9964
88.3500 116.0600 1266421.95 626.4078
88.3500 116.0800 1268210.70 626.8198
88.3500 116.1000 1270002.68 627.2325
88.3500 116.1200 1271797.89 627.6458
88.3500 116.1400 1273606.52 628.0597
88.3500 116.1600 1275408.26 628.4742
88.3500 116.1800 1277213.26 628.8894
88.3500 116.2000 1279031.65 629.3052
88.3500 116.2200 1280843.22 629.7216
88.3500 116.2400 1282658.08 630.1387
88.3500 116.2600 1284486.36 630.5565
88.3500 116.2800 1286307.85 630.9749
88.3500 116.3000 1288132.65 631.3939
88.3500 116.3200 1289970.91 631.8136
88.3500 116.3400 1291802.39 632.2339
88.3500 116.3600 1293647.35 632.6549
88.3500 116.3800 1295485.54 633.0765
88.3500 116.4000 1297327.10 633.4988
88.3500 116.4200 1299182.17 633.9218
88.3500 116.4400 1301030.49 634.3454
88.3500 116.4600 1302892.35 634.7696
88.3500 116.4800 1304747.48 635.1946
88.3500 116.5000 1306616.16 635.6202
88.3500 116.5200 1308478.13 636.0464
88.3500 116.5400 1310353.67 636.4734
88.3500 116.5600 1312232.67 636.9010
88.3500 116.5800 1314104.96 637.3293
88.3500 116.6000 1315990.88 637.7582
88.3500 116.6200 1317870.11 638.1878
88.3500 116.6400 1319762.98 638.6182
88.3500 116.6600 1321649.18 639.0492
88.3500 116.6800 1323549.05 639.4808
88.3500 116.7000 1325452.43 639.9132
88.3500 116.7200 1327349.16 640.3462
88.3500 116.7400 1329259.60 640.7800
88.3500 116.7600 1331173.58 641.2144
88.3500 116.7800 1333080.93 641.6495
88.3500 116.8000 1335001.96 642.0853
88.3500 116.8200 1336926.63 642.5218
88.3500 116.8400 1338854.87 642.9590
88.3500 116.8600 1340776.53 643.3969
88.3500 116.8800 1342711.97 643.8355
88.3500 116.9000 1344651.02 644.2748
88.3500 116.9200 1346593.70 644.7149
88.3500 116.9400 1348540.01 645.1556
88.3500 116.9600 1350479.76 645.5970
88.3500 116.9800 1352433.37 646.0392
88.3500 117.0000 1354390.64 646.4821
88.3500 117.0200 1356351.58 646.9256
88.3500 117.0400 1358316.14 647.3699
88.3500 117.0600 1360284.46 647.8150
88.3500 117.0800 1362256.49 648.2607
88.3500 117.1000 1364232.23 648.7072
88.3500 117.1200 1366211.69 649.1544
88.3500 117.1400 1368194.89 649.6023
88.3500 117.1600 1370181.84 650.0510
88.3500 117.1800 1372172.55 650.5004
88.3500 117.2000 1374167.03 650.9505
88.3500 117.2200 1376165.22 651.4014
88.3500 117.2400 1378167.26 651.8530
88.3500 117.2600 1380173.10 652.3053
88.3500 117.2800 1382182.76 652.7584
88.3500 117.3000 1384196.24 653.2123
88.3500 117.3200 1386213.55 653.6669
88.3500 117.3400 1388234.71 654.1222
88.3500 117.3600 1390259.65 654.5783
88.3500 117.3800 1392288.53 655.0352
88.3500 117.4000 1394321.28 655.4928
88.3500 117.4200 1396368.17 655.9511
88.3500 117.4400 1398408.72 656.4103
88.3500 117.4600 1400453.11 656.8702
88.3500 117.4800 1402501.49 657.3308
88.3500 117.5000 1404553.80 657.7923
88.3500 117.5200 1406620.31 658.2545
88.3500 117.5400 1408680.52 658.7175
88.3500 117.5600 1410744.70 659.1812
88.3500 117.5800 1412812.79 659.6458
88.3500 117.6000 1414895.21 660.1111
88.3500 117.6200 1416971.37 660.5772
88.3500 117.6400 1419051.53 661.0441
88.3500 117.6600 1421146.00 661.5118
88.3500 117.6800 1423234.16 661.9802
88.3500 117.7000 1425326.44 662.4495
88.3500 117.7200 1427433.06 662.9195
88.3500 117.7400 1429533.48 663.3904
88.3500 117.7600 1431648.19 663.8620
88.3500 117.7800 1433756.79 664.3345
88.3500 117.8000 1435879.78 664.8078
88.3500 117.8200 1437996.61 665.2818
88.3500 117.8400 1440127.79 665.7567
88.3500 117.8600 1442252.90 666.2324
88.3500 117.8800 1444392.46 666.7089
88.3500 117.9000 1446525.89 667.1862
88.3500 117.9200 1448673.74 667.6644
88.3500 117.9400 1450815.55 668.1433
88.3500 117.9600 1452971.87 668.6231
88.3500 117.9800 1455132.41 669.1038
88.3500 118.0000 1457286.81 669.5852
88.3500 118.0200 1459455.84 670.0675
88.3500 118.0400 1461629.12 670.5506
88.3500 118.0600 1463796.36 671.0346
88.3500 118.0800 1465978.13 671.5193
88.3500 118.1000 1468164.27 672.0050
88.3500 118.1200 1470344.39 672.4915
88.3500 118.1400 1472539.09 672.9788
88.3500 118.1600 1474738.20 673.4670
88.3500 118.1800 1476941.66 673.9560
88.3500 118.2000 1479139.07 674.4459
88.3500 118.2200 1481351.26 674.9366
88.3500 118.2400 1483567.84 675.4283
88.3500 118.2600 1485788.82 675.9207
88.3500 118.2800 1488014.14 676.4141
88.3500 118.3000 1490243.97 676.9083
88.3500 118.3200 1492478.23 677.4034
88.3500 118.3400 1494706.53 677.8993
88.3500 118.3600 1496949.72 678.3962
88.3500 118.3800 1499197.39 678.8939
88.3500 118.4000 1501449.47 679.3925
88.3500 118.4200 1503706.15 679.8920
88.3500 118.4400 1505967.34 680.3924
88.3500 118.4600 1508232.99 680.8936
88.3500 118.4800 1510503.28 681.3958
88.3500 118.5000 1512778.04 681.8988
88.3500 118.5200 1515067.83 682.4028
88.3500 118.5400 1517351.85 682.9077
88.3500 118.5600 1519640.39 683.4134
88.3500 118.5800 1521933.63 683.9201
88.3500 118.6000 1524231.50 684.4277
88.3500 118.6200 1526533.94 684.9362
88.3500 118.6400 1528841.12 685.4456
88.3500 118.6600 1531163.29 685.9559
88.3500 118.6800 1533479.84 686.4672
88.3500 118.7000 1535801.09 686.9794
88.3500 118.7200 1538126.98 687.4925
88.3500 118.7400 1540468.08 688.0066
88.3500 118.7600 1542803.46 688.5215
88.3500 118.7800 1545143.68 689.0375
88.3500 118.8000 1547499.08 689.5544
88.3500 118.8200 1549848.79 690.0722
88.3500 118.8400 1552203.38 690.5909
88.3500 118.8600 1554573.13 691.1106
88.3500 118.8800 1556937.39 691.6313
88.3500 118.9000 1559316.91 692.1529
88.3500 118.9200 1561690.81 692.6755
88.3500 118.9400 1564069.67 693.1990
88.3500 118.9600 1566463.77 693.7235
88.3500 118.9800 1568852.44 694.2490
88.3500 119.0000 1571256.38 694.7754
88.3500 119.0200 1573665.35 695.3029
88.3500 119.0400 1576068.78 695.8313
88.3500 119.0600 1578487.68 696.3607
88.3500 119.0800 1580901.16 696.8910
88.3500 119.1000 1583329.98 697.4224
88.3500 119.1200 1585763.92 697.9547
88.3500 119.1400 1588192.37 698.4881
88.3500 119.1600 1590636.41 699.0224
88.3500 119.1800 1593085.42 699.5577
88.3500 119.2000 1595529.17 700.0941
88.3500 119.2200 1597988.38 700.6314
88.3500 119.2400 1600452.80 701.1698
88.3500 119.2600 1602922.26 701.7092
88.3500 119.2800 1605386.51 702.2496
88.3500 119.3000 1607866.30 702.7910
88.3500 119.3200 1610351.36 703.3335
88.3500 119.3400 1612841.54 703.8769
88.3500 119.3600 1615337.02 704.4214
88.3500 119.3800 1617837.65 704.9670
88.3500 119.4000 1620343.62 705.5136
88.3500 119.4200 1622854.77 706.0612
88.3500 119.4400 1625371.29 706.6098
88.3500 119.4600 1627893.03 707.1595
88.3500 119.4800 1630420.18 707.7103
88.3500 119.5000 1632952.57 708.2621
88.3500 119.5200 1635490.41 708.8150
88.3500 119.5400 1638033.52 709.3690
88.3500 119.5600 1640582.12 709.9240
88.3500 119.5800 1643136.03 710.4800
88.3500 119.6000 1645695.45 711.0372
88.3500 119.6200 1648260.22 711.5954
88.3500 119.6400 1650840.95 712.1547
88.3500 119.6600 1653416.75 712.7151
88.3500 119.6800 1655997.95 713.2766
88.3500 119.7000 1658584.75 713.8392
88.3500 119.7200 1661187.50 714.4029
88.3500 119.7400 1663785.38 714.9677
88.3500 119.7600 1666388.73 715.5335
88.3500 119.7800 1669008.27 716.1005
88.3500 119.8000 1671622.81 716.6686
88.3500 119.8200 1674242.97 717.2378
88.3500 119.8400 1676879.37 717.8082
88.3500 119.8600 1679510.83 718.3796
88.3500 119.8800 1682158.57 718.9522
88.3500 119.9000 1684801.40 719.5259
88.3500 119.9200 1687460.46 720.1007
88.3500 119.9400 1690114.82 720.6767
88.3500 119.9600 1692785.37 721.2538
88.3500 119.9800 1695451.25 721.8321
88.3500 120.0000 1698133.37 722.4115
88.3500 120.0200 1700810.75 722.9921
88.3500 120.0400 1703504.59 723.5738
88.3500 120.0600 1706204.19 724.1567
88.3500 120.0800 1708899.21 724.7408
88.3500 120.1000 1711610.56 725.3260
88.3500 120.1200 1714327.82 725.9124
88.3500 120.1400 1717040.55 726.5000
88.3500 120.1600 1719769.68 727.0887
88.3500 120.1800 1722504.78 727.6787
88.3500 120.2000 1725245.96 728.2698
88.3500 120.2200 1727993.05 728.8622
88.3500 120.2400 1730746.17 729.4557
88.3500 120.2600 1733505.43 730.0504
88.3500 120.2800 1736260.09 730.6464
88.3500 120.3000 1739031.41 731.2435
88.3500 120.3200 1741808.93 731.8419
88.3500 120.3400 1744592.48 732.4415
88.3500 120.3600 1747382.18 733.0423
88.3500 120.3800 1750178.15 733.6443
88.3500 120.4000 1752980.21 734.2476
88.3500 120.4200 1755799.07 734.8521
88.3500 120.4400 1758613.67 735.4579
88.3500 120.4600 1761434.43 736.0649
88.3500 120.4800 1764261.46 736.6731
88.3500 120.5000 1767094.89 737.2827
88.3500 120.5200 1769934.53 737.8934
88.3500 120.5400 1772791.12 738.5055
88.3500 120.5600 1775643.56 739.1188
88.3500 120.5800 1778502.29 739.7334
88.3500 120.6000 1781367.42 740.3492
88.3500 120.6200 1784249.68 740.9664
88.3500 120.6400 1787127.69 741.5848
88.3500 120.6600 1790022.77 742.2045
88.3500 120.6800 1792913.74 742.8255
88.3500 120.7000 1795811.32 743.4478
88.3500 120.7200 1798725.96 744.0714
88.3500 120.7400 1801636.54 744.6964
88.3500 120.7600 1804564.32 745.3226
88.3500 120.7800 1807498.82 745.9502
88.3500 120.8000 1810429.21 746.5791
88.3500 120.8200 1813376.88 747.2093
88.3500 120.8400 1816320.60 747.8409
88.3500 120.8600 1819281.76 748.4738
88.3500 120.8800 1822249.53 749.1080
88.3500 120.9000 1825213.41 749.7436
88.3500 120.9200 1828194.70 750.3806
88.3500 120.9400 1831182.88 751.0189
88.3500 120.9600 1834177.78 751.6586
88.3500 120.9800 1837168.87 752.2996
88.3500 121.0000 1840177.47 752.9420
88.3500 121.0200 1843193.07 753.5858
88.3500 121.0400 1846215.48 754.2310
88.3500 121.0600 1849244.82 754.8776
88.3500 121.0800 1852281.12 755.5256
88.3500 121.1000 1855324.52 756.1750
88.3500 121.1200 1858374.82 756.8257
88.3500 121.1400 1861432.16 757.4779
88.3500 121.1600 1864496.56 758.1315
88.3500 121.1800 1867568.04 758.7865
88.3500 121.2000 1870646.74 759.4430
88.3500 121.2200 1873743.15 760.1009
88.3500 121.2400 1876836.04 760.7602
88.3500 121.2600 1879936.11 761.4210
88.3500 121.2800 1883043.40 762.0832
88.3500 121.3000 1886157.93 762.7468
88.3500 121.3200 1889290.52 763.4120
88.3500 121.3400 1892419.60 764.0786
88.3500 121.3600 1895555.99 764.7466
88.3500 121.3800 1898710.43 765.4162
88.3500 121.4000 1901861.53 766.0872
88.3500 121.4200 1905030.74 766.7597
88.3500 121.4400 1908196.77 767.4337
88.3500 121.4600 1911380.85 768.1092
88.3500 121.4800 1914561.69 768.7862
88.3500 121.5000 1917760.75 769.4647
88.3500 121.5200 1920956.63 770.1448
88.3500 121.5400 1924170.77 770.8263
88.3500 121.5600 1927392.51 771.5094
88.3500 121.5800 1930611.25 772.1941
88.3500 121.6000 1933848.24 772.8802
88.3500 121.6200 1937092.90 773.5679
88.3500 121.6400 1940345.25 774.2572
88.3500 121.6600 1943594.60 774.9480
88.3500 121.6800 1946862.43 775.6403
88.3500 121.7000 1950138.05 776.3343
88.3500 121.7200 1953421.47 777.0298
88.3500 121.7400 1956712.86 777.7269
88.3500 121.7600 1960011.99 778.4256
88.3500 121.7800 1963319.01 779.1259
88.3500 121.8000 1966633.97 779.8278
88.3500 121.8200 1969956.87 780.5313
88.3500 121.8400 1973287.76 781.2364
88.3500 121.8600 1976626.67 781.9431
88.3500 121.8800 1979984.37 782.6514
88.3500 121.9000 1983339.39 783.3614
88.3500 121.9200 1986702.52 784.0730
88.3500 121.9400 1990073.90 784.7863
88.3500 121.9600 1993464.08 785.5012
88.3500 121.9800 1996851.69 786.2178
88.3500 122.0000 2000247.53 786.9360
88.3500 122.0200 2003662.39 787.6560
88.3500 122.0400 2007074.77 788.3775
88.3500 122.0600 2010506.24 789.1008
88.3500 122.0800 2013935.28 789.8258
88.3500 122.1000 2017383.48 790.5524
88.3500 122.1200 2020829.31 791.2808
88.3500 122.1400 2024294.37 792.0109
88.3500 122.1600 2027757.11 792.7427
88.3500 122.1800 2031239.16 793.4762
88.3500 122.2000 2034729.74 794.2115
88.3500 122.2200 2038218.10 794.9485
88.3500 122.2400 2041725.86 795.6872
88.3500 122.2600 2045242.25 796.4277
88.3500 122.2800 2048767.32 797.1699
88.3500 122.3000 2052301.09 797.9140
88.3500 122.3200 2055843.60 798.6598
88.3500 122.3400 2059394.88 799.4073
88.3500 122.3600 2062954.96 800.1567
88.3500 122.3800 2066523.87 800.9079
88.3500 122.4000 2070101.66 801.6608
88.3500 122.4200 2073688.34 802.4156
88.3500 122.4400 2077283.91 803.1722
88.3500 122.4600 2080888.45 803.9306
88.3500 122.4800 2084502.00 804.6909
88.3500 122.5000 2088135.42 805.4530
88.3500 122.5200 2091767.09 806.2169
88.3500 122.5400 2095407.87 806.9827
88.3500 122.5600 2099068.63 807.7503
88.3500 122.5800 2102727.74 808.5199
88.3500 122.6000 2106396.06 809.2913
88.3500 122.6200 2110084.49 810.0646
88.3500 122.6400 2113771.36 810.8398
88.3500 122.6600 2117478.40 811.6169
88.3500 122.6800 2121183.96 812.3959
88.3500 122.7000 2124909.77 813.1768
88.3500 122.7200 2128645.02 813.9596
88.3500 122.7400 2132378.88 814.7444
88.3500 122.7600 2136133.11 815.5312
88.3500 122.7800 2139896.89 816.3198
88.3500 122.8000 2143670.26 817.1105
88.3500 122.8200 2147453.25 817.9031
88.3500 122.8400 2151235.03 818.6977
88.3500 122.8600 2155037.39 819.4942
88.3500 122.8800 2158849.48 820.2928
88.3500 122.9000 2162671.34 821.0934
88.3500 122.9200 2166503.03 821.8959
88.3500 122.9400 2170355.45 822.7005
88.3500 122.9600 2174206.88 823.5072
88.3500 122.9800 2178068.24 824.3158
88.3500 123.0000 2181939.58 825.1265
88.3500 123.0200 2185820.93 825.9393
88.3500 123.0400 2189723.22 826.7541
88.3500 123.0600 2193624.71 827.5710
88.3500 123.0800 2197536.33 828.3899
88.3500 123.1000 2201469.03 829.2110
88.3500 123.1200 2205401.04 830.0341
88.3500 123.1400 2209354.21 830.8594
88.3500 123.1600 2213306.77 831.6868
88.3500 123.1800 2217280.58 832.5163
88.3500 123.2000 2221253.86 833.3479
88.3500 123.2200 2225248.47 834.1817
88.3500 123.2400 2229253.55 835.0176
88.3500 123.2600 2233269.14 835.8557
88.3500 123.2800 2237284.35 836.6959
88.3500 123.3000 2241321.09 837.5384
88.3500 123.3200 2245368.45 838.3830
88.3500 123.3400 2249426.50 839.2298
88.3500 123.3600 2253495.27 840.0789
88.3500 123.3800 2257574.81 840.9301
88.3500 123.4000 2261665.16 841.7836
88.3500 123.4200 2265766.36 842.6394
88.3500 123.4400 2269878.47 843.4973
88.3500 123.4600 2274012.46 844.3576
88.3500 123.4800 2278146.50 845.2201
88.3500 123.5000 2282291.57 846.0849
88.3500 123.5200 2286458.68 846.9519
88.3500 123.5400 2290625.96 847.8213
88.3500 123.5600 2294804.41 848.6930
88.3500 123.5800 2299005.05 849.5670
88.3500 123.6000 2303205.98 850.4433
88.3500 123.6200 2307429.20 851.3220
88.3500 123.6400 2311663.77 852.2030
88.3500 123.6600 2315898.78 853.0864
88.3500 123.6800 2320156.22 853.9722
88.3500 123.7000 2324425.16 854.8603
88.3500 123.7200 2328705.66 855.7508
88.3500 123.7400 2332986.77 856.6438
88.3500 123.7600 2337290.51 857.5391
88.3500 123.7800 2341605.95 858.4369
88.3500 123.8000 2345933.14 859.3371
88.3500 123.8200 2350272.12 860.2398
88.3500 123.8400 2354622.95 861.1449
88.3500 123.8600 2358996.68 862.0525
88.3500 123.8800 2363371.35 862.9626
88.3500 123.9000 2367758.02 863.8752
88.3500 123.9200 2372156.74 864.7903
88.3500 123.9400 2376578.56 865.7079
88.3500 123.9600 2381001.53 866.6280
88.3500 123.9800 2385447.71 867.5507
88.3500 124.0000 2389895.14 868.4759
88.3500 124.0200 2394365.89 869.4037
88.3500 124.0400 2398837.98 870.3340
88.3500 124.0600 2403333.50 871.2670
88.3500 124.0800 2407841.50 872.2025
88.3500 124.1000 2412350.98 873.1407
88.3500 124.1200 2416884.08 874.0815
88.3500 124.1400 2421429.80 875.0249
88.3500 124.1600 2425988.20 875.9709
88.3500 124.1800 2430559.34 876.9197
88.3500 124.2000 2435143.28 877.8711
88.3500 124.2200 2439740.07 878.8251
88.3500 124.2400 2444349.76 879.7819
88.3500 124.2600 2448972.41 880.7414
88.3500 124.2800 2453619.13 881.7036
88.3500 124.3000 2458267.88 882.6686
88.3500 124.3200 2462929.76 883.6363
88.3500 124.3400 2467615.88 884.6068
88.3500 124.3600 2472304.20 885.5800
88.3500 124.3800 2477016.88 886.5561
88.3500 124.4000 2481731.86 887.5349
88.3500 124.4200 2486471.33 888.5165
88.3500 124.4400 2491224.29 889.5010
88.3500 124.4600 2495979.71 890.4884
88.3500 124.4800 2500759.82 891.4785
88.3500 124.5000 2505553.58 892.4716
88.3500 124.5200 2510361.07 893.4675
88.3500 124.5400 2515182.35 894.4664
88.3500 124.5600 2520017.47 895.4681
88.3500 124.5800 2524866.49 896.4728
88.3500 124.6000 2529729.49 897.4804
88.3500 124.6200 2534606.52 898.4910
88.3500 124.6400 2539508.74 899.5045
88.3500 124.6600 2544414.02 900.5211
88.3500 124.6800 2549333.52 901.5406
88.3500 124.7000 2554278.41 902.5631
88.3500 124.7200 2559226.54 903.5887
88.3500 124.7400 2564200.20 904.6173
88.3500 124.7600 2569177.23 905.6490
88.3500 124.7800 2574179.92 906.6837
88.3500 124.8000 2579197.22 907.7216
88.3500 124.8200 2584229.20 908.7625
88.3500 124.8400 2589275.92 909.8066
88.3500 124.8600 2594337.46 910.8537
88.3500 124.8800 2599413.88 911.9041
88.3500 124.9000 2604505.25 912.9576
88.3500 124.9200 2609611.63 914.0143
88.3500 124.9400 2614733.09 915.0742
88.3500 124.9600 2619869.71 916.1373
88.3500 124.9800 2625032.69 917.2036
88.3500 125.0000 2630199.83 918.2732
88.3500 125.0200 2635382.33 919.3460
88.3500 125.0400 2640591.41 920.4221
88.3500 125.0600 2645816.00 921.5016
88.3500 125.0800 2651045.02 922.5843
88.3500 125.1000 2656300.84 923.6703
88.3500 125.1200 2661572.39 924.7598
88.3500 125.1400 2666859.73 925.8525
88.3500 125.1600 2672151.78 926.9487
88.3500 125.1800 2677470.94 928.0482
88.3500 125.2000 2682817.29 929.1512
88.3500 125.2200 2688168.56 930.2576
88.3500 125.2400 2693536.01 931.3674
88.3500 125.2600 2698919.70 932.4807
88.3500 125.2800 2704319.70 933.5975
88.3500 125.3000 2709747.29 934.7178
88.3500 125.3200 2715180.17 935.8417
88.3500 125.3400 2720640.80 936.9690
88.3500 125.3600 2726106.86 938.1000
88.3500 125.3800 2731600.83 939.2345
88.3500 125.4000 2737111.60 940.3726
88.3500 125.4200 2742639.23 941.5143
88.3500 125.4400 2748183.82 942.6596
88.3500 125.4600 2753745.44 943.8086
88.3500 125.4800 2759324.17 944.9613
88.3500 125.5000 2764920.10 946.1177
88.3500 125.5200 2770533.30 947.2777
88.3500 125.5400 2776163.86 948.4415
88.3500 125.5600 2781823.09 949.6091
88.3500 125.5800 2787488.62 950.7804
88.3500 125.6000 2793182.99 951.9555
88.3500 125.6200 2798883.84 953.1345
88.3500 125.6400 2804613.69 954.3172
88.3500 125.6600 2810361.41 955.5038
88.3500 125.6800 2816115.86 956.6943
88.3500 125.7000 2821899.59 957.8887
88.3500 125.7200 2827701.44 959.0870
88.3500 125.7400 2833521.52 960.2892
88.3500 125.7600 2839359.91 961.4954
88.3500 125.7800 2845227.94 962.7056
88.3500 125.8000 2851103.22 963.9197
88.3500 125.8200 2856997.07 965.1379
88.3500 125.8400 2862920.86 966.3601
88.3500 125.8600 2868852.14 967.5864
88.3500 125.8800 2874813.54 968.8168
88.3500 125.9000 2880793.90 970.0513
88.3500 125.9200 2886782.03 971.2899
88.3500 125.9400 2892800.56 972.5326
88.3500 125.9600 2898838.33 973.7796
88.3500 125.9800 2904895.42 975.0307
88.3500 126.0000 2910971.94 976.2861
